1.855927762749751408e-01
-1.182022037848392326e+00
1.722266319332044493e-01
-5.268659767600629706e-01
4.492725925280459109e-01
-1.035355464416702009e+00
-5.887014291722978410e-01
1.829065409104281503e+00
-4.507500323243472384e-01
5.414169367611695316e-01
-1.606505728049254067e+00
-1.521722473299762290e+00
-9.633037434734949001e-01
-4.775919620328223369e-01
6.283528463865685199e-01
2.447740985514710310e-01
5.889529390866286018e-01
3.059768311807088692e-02
1.861106893830292430e-01
-6.467535822991089534e-01
-9.233172547358013682e-02
-1.602685428419173608e+00
1.060918182897254258e+00
-1.084900386708952613e+00
2.282936392542274096e+00
-1.219168325264969654e+00
8.999390382460646931e-01
-5.293610989360891805e-01
9.534753017932562358e-02
6.041201112782149663e-01
-3.572528652403122312e-02
-1.802481953917284940e+00
-4.802887900462758930e-01
-2.759051733877723178e-01
-5.679342028173810508e-01
-1.345211606617660260e+00
8.318309398417284006e-01
-1.027156428919528963e+00
1.129946267085185196e+00
-2.653706322079230628e-01
-8.398480133054254670e-01
-4.795446054663343727e-01
-6.148831139896545617e-01
-1.132369036921797356e+00
-4.883292136056348598e-01
8.858931273793483330e-01
7.870631146935065381e-01
-2.259507140771497724e+00
1.830590124236513239e+00
-5.906214692166114055e-01
-5.222844749831533073e-02
6.031231807081057772e-01
-1.457714388598130961e+00
-1.959670472889471160e+00
-6.923596681219190696e-01
-1.076230844502006123e+00
-9.577385014538816188e-01
-1.095046775213017298e+00
1.371358841506258530e+00
-1.132137862748152424e+00
-2.217844613044945012e-01
-1.519826987395786144e+00
-1.883048695372847026e-01
1.181040510509310026e+00
-3.577961396465895172e-01
4.696517534132613747e-01
-2.712514267841847904e-01
-7.055779047519288305e-01
-4.748213523155782601e-01
-1.319744944546835441e+00
-5.351991914345435308e-01
-1.196055069775405544e+00
2.547344920016534828e-02
2.627435327940259580e-01
-2.226522188193219343e+00
2.476597367408600869e-01
-1.229125293214914594e+00
-7.506736249949215178e-01
-7.636509547766877626e-01
1.400760180017443235e-01
2.023712944776470679e-01
8.299976665527331043e-01
-1.603986528758190033e-01
-6.086300938742700284e-01
-3.570858665025756218e-01
-6.464332579624598729e-01
-1.972843652550733753e-02
-7.599825773075326307e-02
3.309493190655382611e-01
1.248065513739646137e+00
-8.762123670275894227e-01
-4.871458718061714710e-01
2.030025795809395017e+00
6.425065669390909173e-01
7.415957892864974976e-01
1.070970202087776713e+00
3.900613253309078710e-01
-4.377797748330304328e-01
1.128488330155978270e+00
-4.680684542581779461e-01
-4.328430437508242190e-01
8.744547055431785010e-01
-5.886692059122592413e-01
1.385604671918941655e+00
-1.129290704478992602e+00
4.132092837843369523e-04
-1.502735898494333089e+00
-8.324306758963220254e-01
1.036079614256846915e+00
-6.540968132647733135e-01
3.588552314492475248e-01
-1.072795067643898426e+00
-1.626208009620390971e-01
1.774909991960215594e+00
-1.717911623547754507e+00
-8.309696505186850990e-01
6.779167792643809864e-01
1.194913660668780020e+00
-3.213160792403984001e-01
8.914087589935033584e-01
5.667186236375209019e-01
-5.839652780120523357e-01
1.237190599528780410e+00
-7.013093568243266018e-01
3.638512396981887220e-01
-2.775875003337395230e-01
-2.128290964398403887e-02
-5.650408710934413659e-01
-3.259278132024697738e-01
-3.989121117133436201e-01
-1.661779378210240576e+00
-5.897266560481791986e-01
-1.867358403764592500e+00
1.576679992916688811e+00
-8.393158483671122605e-01
1.841093652310362261e+00
1.864084944966078350e+00
-1.110627000438312750e+00
1.906647434159986609e+00
5.309372872197739568e-01
7.545149631184209227e-01
-7.009443028816987331e-01
-7.903401767218261043e-01
1.840883694416730054e-01
1.440897051575368959e+00
5.347799764158849278e-01
-1.062985510617242779e+00
9.596616730776534876e-01
3.147639146077872430e-01
-1.024597528839700455e+00
2.953917151067603442e+00
-7.799229708811257489e-02
6.513730345659684007e-01
1.549570907767234385e+00
-4.861443563024077097e-01
3.729981781952037417e-02
-1.628875710673665544e+00
3.030871001163338185e+00
-4.614000363974943841e-01
-1.286437425592239281e+00
2.827706755059986587e-01
1.038911876034369630e+00
7.527924976708508797e-01
-1.726465275910957331e+00
1.501035064301518451e+00
2.045347281653189520e-01
3.634523887217035454e-01
3.315160993273209011e-01
-2.066283890577179372e-01
2.136403726138575987e-01
-5.898681100773642827e-01
9.183071506714463039e-01
7.711834915544959479e-01
1.699878286202838762e+00
1.819334359116658861e+00
-1.563157444292336606e+00
4.572280158388897786e-01
9.863284477496784275e-01
-6.048629457707461743e-01
6.289010339953794437e-01
1.189654901428575107e+00
-1.652236633779425201e+00
-1.262483061955843366e+00
-3.250357108093799852e+00
-7.212820703376215947e-02
-1.267070701936224841e-01
-1.705195460298089882e+00
-3.281910465785826125e-01
4.213830840566651914e-01
1.666809196229237233e-01
-1.199337637704354087e+00
1.233716315643592493e-01
1.090000005149921458e+00
8.880151732950720689e-01
-5.378135154766263692e-01
-1.485295338710931778e+00
-1.138034789450006024e+00
7.203897012589702831e-01
2.566421129306594717e-01
8.037488052450560971e-01
-6.605339159408353256e-01
1.297745092223112851e+00
4.008481232540350714e-01
-1.924312322643261242e-01
3.769347028791288912e-01
1.560697346369777951e-02
1.713305803218577728e+00
7.469772078082157485e-01
3.064242271425719810e+00
-1.448231014972306774e+00
1.187600416632200950e+00
3.467743908165085154e-01
-9.878331233967617420e-02
-1.500663396287620133e+00
-2.295389515136271985e+00
-1.953757220183388599e-01
2.201341830602921323e+00
1.415762938153369566e-01
1.704394966990822879e-01
7.999077072487232876e-01
-1.832451066421081798e+00
-2.981944488041351704e+00
-3.915133385355445417e-01
-1.565507181608583709e+00
5.343302259913992880e-02
7.362669149166373161e-01
-1.058632727336667800e+00
2.309164677408954258e+00
2.539578857902071718e-01
-1.822653440624475207e+00
-5.018037102617145528e-01
-1.562897006238565811e-01
1.277481121342529002e+00
5.841685899120097059e-01
5.141637324091675731e-01
-1.115343285869048406e+00
1.682649699823627887e-01
-5.395921465730471045e-01
6.111262124705775234e-01
-5.509577910529610545e-01
-6.019750305846778282e-01
-4.460784322495445209e-01
7.020790125335770737e-01
2.244794673399539212e-02
-1.202311488381735183e+00
5.692094141130887852e-01
5.695888542785478847e-01
-3.941100689926429479e-01
-9.048674450799752966e-01
-2.641996893348471653e-01
-6.101490257941262207e-01
1.360638658614201191e+00
-4.974612771631534702e-01
-8.014592086523356640e-01
-5.969902611675785842e-01
-1.277791762961471900e+00
-7.404191840229576993e-01
2.177502054960413602e+00
-4.890919737360912567e-01
-5.600068826861780424e-01
6.456440546480176623e-01
-4.792838503940268224e-01
-6.547015159165721077e-01
4.519233084709527865e-02
-8.829034973549192145e-02
-6.342584267738748949e-02
9.355915983410402481e-02
1.280013544843793261e+00
-4.664826957867653640e-02
-1.950265998423244884e+00
1.133680038286769109e+00
2.206986935360038260e-01
-9.277869596657765117e-01
3.956330085388424234e-01
-9.933563666678226767e-01
1.240005905814469234e+00
-1.254538733323217747e-01
-2.303614375147083893e-01
-3.373780522098540069e-01
1.804965972316141087e+00
-7.487878326483058400e-01
1.975717166207548725e-01
-8.099369525023875083e-02
1.111796155577916279e-01
1.004569725653671419e+00
-1.603024262245052123e+00
3.661654641663103504e-01
-1.814159271049211319e-01
-6.542968904026841281e-01
2.225934539068951390e-01
4.624506983338011468e-01
5.151486895973815816e-01
1.425825921178944800e+00
-1.057021516316077214e+00
-1.157728960645560079e+00
1.611939464630162355e+00
9.460414602313389487e-01
2.879195325784043857e-02
-3.487903914383934101e-01
1.190684448284016428e+00
-7.458570591210379463e-01
3.588348276729032005e-01
-3.783707196719412469e-01
1.805690876600429595e+00
-7.742542127765150717e-01
1.005750028262185847e+00
2.199074297144127055e+00
1.475214885403379528e+00
-3.227903691228407035e-01
1.183669084587289033e+00
-1.803369918198426680e-01
1.068073757697844073e+00
-1.125278149846437703e+00
-4.325008876569111371e-01
2.982839958171489503e+00
-1.882697875445896729e-01
2.716289808201957645e-01
-8.917140414845735330e-02
2.737778588374863986e+00
4.867900458123814444e-01
-5.854950062646427922e-01
9.502604467803154042e-01
9.041138562934668554e-01
-1.329370791369450133e+00
2.808438206820378924e-01
-1.419582665437794544e+00
1.135627270426889934e+00
-7.560104644243018090e-02
6.611803407926133969e-02
-8.040964806331470927e-01
-7.680041433137011486e-01
7.817144915175665565e-01
-1.971905658164787578e+00
2.039576007297339011e-02
7.971423962695232124e-01
-7.530629400305970389e-01
-2.195711497926965683e-01
-6.184862268873277946e-01
-1.241772366218631740e+00
-8.452538518925191424e-02
-2.572842964557928158e-02
1.701753492820203384e+00
1.491423815082145499e+00
-2.691842026304203550e+00
1.399831934515649356e+00
1.103591556366414039e+00
-1.277319510293913885e+00
-1.015905751428194836e+00
-5.027258220586080517e-01
-5.547965423365257553e-01
1.079049208347819144e+00
-6.654397668172468139e-01
1.124693890064730750e+00
2.876640054814104674e-01
-1.392820609814412913e+00
9.524410326680796679e-01
-8.771028205036679459e-01
-6.481761213407337685e-01
3.847133204990124122e-01
1.389752412225758911e-02
1.838525010676161087e-01
5.413706343274784505e-01
1.304141499065686549e+00
5.182594740674165701e-01
2.774326335293976209e-01
3.281481609269797928e-01
-9.012497288183467514e-01
9.476555215215837213e-01
1.585198600476112940e+00
-7.792163702028179761e-01
1.507692074251890946e-01
-4.594102824830984533e-01
-8.100263449213568334e-01
-1.399076497139774222e+00
-7.350630783093363707e-01
-4.489209740783106084e-01
1.777502818212878255e+00
-1.403479278459922319e-01
4.360035048036006167e-01
-1.829876622557455590e-01
-1.502917323996025289e-01
-1.836915989731646992e-01
-1.088297063074334048e+00
4.641629830395433975e-01
-5.478321664212260078e-01
1.127161870268879179e-01
9.979721663942969778e-01
-1.097033328799055019e+00
-1.333168827774194654e+00
5.449554618830435571e-01
-6.770937109354477346e-02
1.010733993400888986e+00
-4.037202702780834374e-01
2.612075927534180941e-01
-9.407790083608227327e-01
-2.528192660235449862e-01
-4.764818289177054633e-01
3.719805979930296269e-01
6.158800899306082766e-01
9.170203597650908867e-01
-9.694558534887721679e-01
7.572513333462457252e-01
-6.683608327382085657e-01
-1.555792378367215401e+00
-5.955980303011538801e-01
-7.853661094854582636e-01
-1.099706815234462898e+00
-5.859223260755708207e-01
-5.781107702918365510e-01
1.233398413617293465e-01
2.707096974227625463e-02
-1.012631961889109089e+00
-3.748069317470910655e-01
-7.320717405693762947e-01
1.295762087436367338e-01
-9.320320825972912004e-01
-3.535386243894597103e-01
-1.274129983788075515e+00
1.425435983684117280e+00
1.425970756731482547e+00
5.598020555134824994e-01
-4.644783331160289852e-01
4.115385545435216730e-01
-3.295114331946098485e-01
9.605604827326372774e-01
2.972504247829592661e-01
-3.940041951406790255e-01
4.327746809866889893e-02
-1.100473113536083014e+00
7.288800577724919849e-01
-6.515396151465834007e-02
-3.621891178975177872e-01
3.771962904657718552e-01
8.957832335437458937e-01
-6.673981781116312684e-01
1.777971025228429758e+00
1.307345486044067251e-01
-2.208032036551429156e-01
3.175793322427382104e-01
1.171979456724114022e-01
4.258537487877337435e-01
-1.199204612494640665e-01
2.220283691499267853e+00
-3.256076140280941833e-01
-2.079548982646171496e+00
2.088856667557607294e-01
-5.761178346314248938e-02
3.441782623177416234e-01
1.655980451479233118e+00
2.680824065704194847e-01
-5.505795926575740573e-01
5.596268196900132663e-01
-2.118637044472715392e+00
-2.083492803301958407e+00
4.282919408465447053e-01
-3.393791487116228356e-01
-4.842314164184269298e-01
2.511779627286096495e-01
1.615136441163602887e+00
-1.354965449529220267e+00
-5.682010477120682523e-01
-2.879269052036372845e-01
-1.891738280695391294e+00
-7.568255046407658115e-01
1.594419560369531919e+00
5.985416516746253635e-01
-1.504701573145251770e+00
-2.483875315653546467e-01
2.842995804326545195e-01
5.334266346188255570e-01
-3.613241422309113049e-01
-1.353761270824034579e-01
-9.985820415399271344e-01
-2.390613662079590807e+00
-1.475423196694282568e+00
-2.374435012858496230e-01
1.663401705248255258e+00
-3.625116879642290568e-01
1.404628323256122691e-01
1.682765772240604418e+00
1.259271120556492374e+00
2.281087976239523363e-01
1.652346767837923114e+00
3.543672399754166369e-01
-8.783675729129295506e-01
1.854633196244058091e+00
3.538183846004078204e-01
1.862646082598990727e-01
-1.215686767570215432e+00
3.456955547305331361e-02
4.493226044806521990e-01
-5.703243371419829399e-01
7.251478328934103379e-01
-6.197541805404988002e-01
-3.400964602968281625e-01
1.880180183598628041e+00
2.289828898651903977e+00
-5.318594108373631002e-01
2.506667280342396165e+00
-1.326448645261616655e+00
-1.763183280047689039e-01
1.909201265059986774e+00
-3.734179580771440632e-01
-6.599569631913427825e-01
-4.531879106732497609e-01
-9.952952017872361834e-01
4.286502183494478313e-01
-5.701630449856787131e-01
1.172843757986712365e+00
6.853322681970906716e-02
1.218171401344160465e+00
-1.717648742176551835e+00
-2.854558310844930169e-01
5.245810215958708334e-01
1.324293310837665993e+00
3.941750055171409639e-01
2.893276078033389376e-01
-4.695135582208527225e-01
9.366601750623515521e-01
2.589917350315630307e-01
-5.851372326875446950e-01
4.374213164083000094e-01
1.228636730231942087e+00
7.810902109909177993e-01
1.203449438589977438e+00
1.966681590012781422e+00
1.469379767033763551e-01
-1.283964296711068487e+00
-6.005463115576039623e-01
6.946139740424484010e-01
4.478632631549727128e-01
-9.532308401818728738e-01
-1.855682069710617332e+00
-1.252440393391190676e-01
-3.809368960551525185e-01
-1.602576051375209643e-01
-1.347510038326892756e+00
-4.330489930137935706e-01
1.180663372430536207e+00
-3.889134974354310076e-02
8.925060079374161903e-01
7.310222305174096658e-01
1.923248124057227171e-01
8.659649700429743191e-02
-2.832771855203971012e-01
-3.480517155651178252e-01
-1.728540428955790853e+00
2.491602253864367567e-01
3.917754322458478766e-01
2.117182155672487465e+00
1.060515716570018974e+00
-7.891792094045203543e-01
-5.267927711113811196e-01
9.369358316425285826e-01
-9.056763975834893898e-01
-4.558067356009233295e-01
8.436310999478160988e-02
-1.065588120108506454e+00
1.349786626788044508e+00
-1.829599920254093570e+00
9.377320399807664852e-02
1.754624126744947166e+00
-2.766466304858771208e-01
-1.494669232091460742e+00
-1.183273660817280581e-01
-7.339357322770857506e-01
3.931199106130103815e-01
1.208241133914692789e+00
1.101494973209123263e+00
2.287889374870812620e-01
-1.129839622168697100e-01
5.522365329209451001e-01
-4.538998822862477800e-01
-6.388537912898035742e-01
1.430393524984805154e-01
9.545271220442836935e-01
1.656679971815418762e-01
5.650006258142390436e-01
1.031184647103032370e+00
5.417704062144715893e-01
-1.167158330318342596e+00
1.384476725046064061e-01
-2.824272681614362068e-01
-1.321059375701642891e+00
-4.009763191483668998e-01
2.717460795844931498e-01
8.026834753838473224e-01
7.107461719253560517e-01
6.401204039422292436e-01
1.763053027263342676e+00
3.931907952829141739e-01
-2.012231252374984680e-01
9.822413829609820679e-01
1.864574927395542814e-01
-1.367936328696608861e+00
-4.892735077227655105e-01
2.962512786716341995e-01
2.270065465585810571e+00
4.573610000423471156e-02
4.804950185589888789e-02
-3.885964368792791390e-01
-1.914100772298750641e+00
1.265543398887905568e-01
-9.406834284994092243e-01
7.530816248592551998e-02
-1.822232538029670890e+00
7.536373978010005859e-01
-1.101833568924893481e+00
-1.399540390335340112e-01
5.136370311387733478e-01
-3.128345390588400943e-02
-7.128248848202420884e-01
-1.562143516691487211e+00
9.497182700817038414e-01
4.700544925534442808e-01
3.007122807921882579e-01
2.406181660846912429e+00
-3.097835698950790473e-01
1.180295651548634472e+00
1.211292957416495591e-01
4.720940334771917546e-01
5.133670147624153079e-01
9.793117073626576019e-01
-4.220774882012947038e-01
3.783918425183950274e-01
1.227823904045844516e+00
-1.157920690872366043e+00
-4.284780280099327321e-01
-5.850658059537150457e-01
-1.654426795737267697e-01
-3.986366122347101415e-01
-1.123508964479440209e-01
-2.191290129166139966e+00
1.284041947860227739e-01
3.371174689066086527e-01
4.696353228416950132e-01
-3.053931277044546810e+00
2.357776631208777562e+00
-6.685856259303885052e-01
-3.783696958515914231e-03
3.756090683955164850e-02
-6.025822474886226299e-02
5.120948543436523170e-01
-7.045280143145461471e-01
1.603349362295398706e-01
-5.438534363537976812e-01
-9.066563296576413133e-01
-6.295369339716190282e-01
-1.524045592573179120e-01
1.387318641273130315e-01
6.218177057450293699e-01
-2.837039916547520399e-02
1.194616236455489311e+00
7.679211274091206629e-01
-1.943465173753401720e-01
1.198238134114327114e+00
-1.740467065740004760e+00
2.862393892631128534e+00
-7.893808267551937208e-01
-1.324400507408260097e+00
-2.401764734599206585e-01
-1.703151031614398958e+00
3.907281636393921537e-02
-6.074199984709645062e-01
-1.032889244181515398e+00
1.586893382239217720e+00
-1.477698177811455738e+00
-2.910853617019401041e-01
-1.645528620444254519e+00
3.899479297224452967e-01
5.943366532207866593e-01
9.197200064846975387e-01
-4.014547549189139142e-01
7.274521400928064541e-01
3.381385186235156826e-01
-1.417772931054579466e+00
-2.857272749960305669e-01
1.307792474964131868e+00
9.026069843546981053e-01
-1.063266804523616438e+00
-1.375294835280136629e+00
2.586730213234604836e+00
-1.304026350559881475e-01
6.274862002994461285e-01
2.091015460352773914e-01
-1.632216725823895320e+00
9.870716079682785304e-01
8.269760943523239982e-01
-2.792763197837481171e-01
2.265281460892123455e-01
-1.230352303839467920e+00
2.152007086012065695e+00
-5.690027326469527802e-01
1.386918586935557973e-01
-3.234642387111400647e-02
1.259181051606460544e+00
-9.688976739803234484e-01
-1.467375668789109300e-01
-3.106683291434826910e-01
1.516996363861373154e-01
1.731155472076168766e-01
7.268886002429076898e-01
-2.142308870397743870e-01
2.544143940178870689e-01
-3.333132876557418633e-01
8.667413836735181620e-01
-3.002383526417055082e-01
1.723557691569878259e+00
-8.504758518558637181e-01
1.765259228352764831e+00
-9.534947400632085013e-02
9.694525788721554405e-02
-1.482387124387299249e+00
1.573203641780136497e+00
-6.496858569510479686e-01
-9.198790949370234948e-02
2.741529658201096176e-01
1.175113939235171934e+00
-7.559730107600119986e-01
1.318518315003986752e+00
4.635940307034311370e-01
-1.510046549512564340e+00
7.474387142423819519e-01
1.243907639724203928e+00
8.150919942812394625e-01
4.579595326654262721e-01
-5.670938873277376890e-01
9.295846167071362132e-01
-1.909008352605424674e+00
-6.204098854977485589e-01
4.099446230808715952e-01
-8.297356797458121935e-01
8.511645590857634669e-02
-2.541481693206508297e+00
1.702061585398246812e+00
-4.933592803088554524e-01
-6.171713222264707532e-01
-1.407148210401466093e+00
-1.203169107724393561e+00
1.472379878351160576e+00
3.906403490759854380e-01
1.549646088856718062e+00
-9.474232054324365215e-01
9.478701379849072683e-01
-1.366843755736073085e+00
6.341743332479942152e-01
1.040051580729036029e+00
3.908008953066313684e-02
2.147523462499500546e+00
-1.468762167057531931e+00
-8.089851341545838403e-01
1.625511217585016988e-01
1.123364816101068753e+00
1.764154281794768409e+00
5.461245940270731403e-01
4.335874316121732797e-01
-1.587366362451737845e-01
-1.256168974296893726e-02
3.016724146027316422e-02
-2.658291675337175475e-01
3.611679592581524822e-01
-9.972092492290141053e-01
8.492295799709287385e-02
2.146036262543806472e-01
1.546459612865145050e-01
1.019315111825318310e+00
7.653140004384239026e-01
6.542170994658740302e-01
-2.639443197958838971e-01
5.765882622604573404e-01
6.466517443655565023e-01
2.788235812970454516e-02
-1.875728913229485872e+00
4.771267914695657142e-01
2.519563592033290389e-01
6.974263226402372950e-01
-8.542672431636381125e-01
-1.319201214173918890e+00
1.601242781478394717e+00
-9.966619429619919535e-01
-5.787968359711740396e-01
-1.760568423024869489e+00
-4.043579450180252999e-01
1.226334265861363626e+00
-6.613666420063705198e-01
-1.492211996113982087e-01
-1.651135138700760563e-01
7.402121250073752101e-01
7.264643522989819857e-01
-3.261313405351091155e-01
1.093795776838417888e+00
1.117853506916148820e+00
-6.570351433149146381e-01
-3.627689614288688857e-01
2.125876846304940671e+00
-1.168502078768334451e+00
-2.455120089173010722e-01
1.139996263262499587e+00
-4.562949345291156811e-01
1.349191983595808386e+00
1.389711931324371097e+00
-1.505559711167718806e-01
2.508593915677689967e+00
-1.166752641853320838e-01
1.282056395598971665e+00
4.961048586220886403e-01
3.577309811429933983e-01
-6.141507150657605774e-01
1.775889193241302122e+00
-9.800363733802715249e-02
-1.327311961931493256e+00
-3.360719598448888568e-01
5.543069141259825416e-01
-5.670975440170951121e-01
1.410915927837032235e+00
2.207157479696138513e-01
7.389079182712505744e-01
-2.248818680355772759e-01
-2.398879079087146149e-01
-8.034139710272525381e-01
-4.836949497765398176e-01
-4.084757110667330271e-01
-1.173815783342685881e+00
-4.807640432659412988e-01
2.668813339349447589e-02
-2.673892386879823668e+00
-6.438439492225825900e-01
-3.228264728765090075e-01
1.683326380255555088e-01
-2.131762438508810753e-01
2.362063520942057959e+00
3.247757350450800051e-01
-5.374909590016796468e-01
8.718492828881906354e-01
1.081006879011118665e-01
6.645225028177004223e-01
-1.624217727061035177e+00
1.515600822239314471e+00
-1.474062961924079151e-01
-2.238628886042576926e+00
7.331906429168510986e-01
8.316932679187413191e-01
-3.789631573100573081e-01
8.025643321787812035e-01
-1.702893546668979297e-01
2.929393187326403414e-01
8.898521675432798927e-01
-7.804384478010237824e-01
-4.339632866217454366e-01
-6.835339066744405834e-01
2.627078555223399947e-01
-1.210549962102951849e+00
8.560853853788507051e-01
7.819314351644789385e-01
-6.065334067537293539e-01
1.812683456315254293e+00
1.664689257786615140e-01
-5.471794708396018336e-01
-8.110487792017958553e-01
-1.997639536392671333e+00
-9.876985452433427737e-01
-1.198422416616278241e+00
8.527384246135935042e-01
-2.949053910725995542e-01
-5.294974444118089041e-01
2.271530984077606341e+00
-3.996659723333926828e-01
-1.190298526000519441e+00
-1.133264278663510982e+00
7.631469979520489888e-01
-5.208153586540708035e-01
-3.104114263500730719e-01
6.670156470687510671e-03
-3.986390909423049855e-01
-1.951446886652948576e-01
1.821665082903865529e-01
-1.157946765806906253e+00
-9.163282169969070301e-01
-5.697798171863821537e-01
3.715555613007044400e-01
-1.639535897049169411e-01
-9.395764031807154470e-01
-9.110234704391334537e-01
-1.426952192972201106e+00
2.043904880270154045e+00
6.508777517298087734e-01
-1.850770417350928065e+00
-5.379621779116039448e-01
1.227722538343717709e-02
5.660588014007507107e-01
-3.501509983296892115e-01
2.180315086481394715e+00
3.521520496403990341e-01
-1.238461400252637734e+00
2.731486801443077095e-01
1.030627028735563444e+00
4.861954173702642268e-01
-3.820157588465833975e-01
2.885663603921029829e-01
-2.765185670674707441e-01
-8.383795978191102005e-01
3.516242907441167742e-01
2.337217671894300963e+00
-9.801139047612009159e-02
2.893096135248121592e-01
8.882586316978526852e-01
1.463891736874997074e+00
-9.505646005031640478e-01
5.279006897693810929e-01
5.086675036922527759e-01
-1.737020505009359450e+00
3.707849864112404692e-01
-3.411541726056662172e-01
1.404199172548754149e+00
5.015424061530903144e-01
7.062143690267685958e-02
-1.964328250764762585e+00
2.456027584838236688e+00
-7.037549717776583336e-01
-4.202007706345330385e-01
2.243285195181901059e+00
5.778882382968727471e-01
-1.393275431412324128e+00
-1.273176409599282133e+00
-3.361098813654926354e-01
1.365191085839782215e+00
7.395063864417642518e-01
6.137316186289970554e-02
-2.386765596535987133e-01
9.107628065945612139e-01
1.414680120146356357e+00
-1.286103074389366663e+00
1.460001782616141830e-01
6.496747015057590113e-01
-7.178158478226626116e-01
-2.619929891221619567e+00
1.253590127058384462e+00
-7.981586461533345389e-01
1.335134739620567057e-01
-7.377697747205472778e-01
-2.546186383228644656e-01
-1.428610378230760203e-01
6.172411668003953134e-01
7.060901325442704435e-01
-4.103749382684208635e-01
-2.294071071539940665e-01
-5.161016202661824481e-01
-5.246101107854515000e-01
1.545005958226482456e-01
-4.467742857029355918e-01
3.498503513044430302e-01
1.020966877207933221e+00
5.206953068860944445e-01
2.736768046068478455e-01
3.027032885839967546e-01
1.776070964894857607e+00
8.189351502599852006e-01
6.692253729470211132e-01
-6.844662195448691921e-01
-6.096095121432449915e-01
5.735123827996004842e-01
-1.117442462599432362e+00
5.918391206176176755e-01
-4.963612746347241533e-02
1.342634296041861075e-01
8.309241669955125253e-01
-4.811414039357770345e-01
-1.072148947160331822e+00
-3.397485960183081743e-02
8.537214459412649781e-01
4.510559615871198025e-01
2.019128401416077523e+00
-3.724289762518354641e-01
-1.157867048159827883e+00
-5.011220141652283910e-01
7.029052223432067370e-01
-5.653444325717655872e-01
6.997097183512006602e-01
-1.711976834723377694e+00
1.711934248361136057e-01
3.744650783163133156e-01
-1.547684411516385028e+00
4.318465193485375164e-01
2.443825284375975015e-01
-1.387342648682868607e+00
-1.612634633538326590e+00
1.523634369604953021e+00
5.024701678566133589e-01
-1.599237534737813382e+00
-2.896377432025767917e-01
-7.606530179489606747e-01
-4.926421596189609620e-01
6.791079934571490062e-01
-9.367367099346000092e-01
5.141674938129290329e-01
-1.012482996690788006e+00
-3.703384858951714875e-01
8.687971710053434826e-01
2.149075693618640870e-01
1.031342525090352957e+00
